-5106751.607342  -499849.0721489  -749998.0152005 
-4085401.285874  -499815.4980023  -749997.7929597 
-3064050.964405  -499768.0517249  -749997.5084302 
-2042700.642937  -499699.2571333  -749997.1214733 
-1021350.321468  -499594.5375312  -749996.4630157 
            0  -499423.6400116  -749993.3804365 
51067.51607342  -499412.4597818  -749993.183027 
102135.0321468  -499400.8689349  -749992.7045969 
153202.5482203  -499388.8876831  -749991.8150634 
204270.0642937  -499376.5224707  -749990.7475547 
255337.5803671  -499363.8204111  -749989.2645004 
306405.0964405  -499350.6579457  -749987.2227727 
357472.6125139  -499337.0907493  -749984.3643363 
408540.1285874  -499323.0491689  -749979.6500724 
459607.6446608  -499308.4578789  -749972.3082314 
510675.1607342  -499293.2941277  -749958.5836769 
561742.6768076  -499239.3176699  749991.7069412 
612810.192881  -499222.1902579  749991.9080313 
663877.7089545  -499204.7603595  749992.0614134 
714945.2250279  -499186.4623975  749992.1637866 
766012.7411013  -499167.6731436  749992.2615404 
817080.2571747  -499148.2156253  749992.3536686 
868147.7732481  -499127.843218  749992.4392244 
919215.2893216  -499107.2350228  749992.5227819 
970282.805395  -499085.462275  749992.598341 
1021350.321468  -499062.9781925  749992.6704829 
1072417.837542  -499039.5270729  749992.7391855 
1123485.353615  -499015.3441155  749992.8047186 
1174552.869689  -498990.3397307  749992.8670367 
1225620.385762  -498964.1308378  749992.9265014 
1276687.901835  -498937.0965734  749992.9836062 
1327755.417909  -498908.7305299  749993.0384105 
1378822.933982  -498879.372086  749993.0910948 
1429890.450056  -498848.7176259  749993.1417854 
1480957.966129  -498817.0264396  749993.1905105 
1532025.482203  -498783.8669452  749993.2376051 
1583092.998276  -498748.9389631  749993.2834543 
1634160.514349  -498713.0965871  749993.3272474 
1685228.030423  -498675.2464264  749993.3700878 
1736295.546496  -498635.9875076   749993.41127 
1787363.06257  -498594.5785287  749993.4513578 
1838430.578643  -498551.8362767  749993.489985 
1889498.094717  -498506.7101785  749993.5275856 
1940565.61079  -498459.5920559  749993.564121 
1991633.126863  -498410.0082876  749993.5995638 
2042700.642937  -498357.9643713  749993.6339426 
2093768.15901  -498303.6871989  749993.6673606 
2144835.675084  -498245.8217709  749993.699625 
2195903.191157  -498185.8261853  749993.7309948 
2246970.70723  -498122.6456345  749993.7615424 
2298038.223304  -498055.6609559  749993.7909419 
2349105.739377  -497984.9210226  749993.8193209 
2400173.255451  -497910.7404736  749993.8469383 
2451240.771524  -497832.1639889  749993.8735266 
2502308.287598  -497748.6756649  749993.8990892 
2553375.803671  -497660.6213716  749993.9238158 
2604443.319744   -497566.7639  749993.9472411 
2655510.835818  -497467.9144268  749993.9700464 
2706578.351891  -497362.4360792  749993.991597 
2757645.867965  -497249.6758942  749994.012089 
2808713.384038  -497129.5912746  749994.0313514 
2859780.900111  -497002.3185656  749994.0498326 
2910848.416185  -496864.6536855  749994.066645 
2961915.932258  -496718.9310385  749994.0826275 
3012983.448332  -496562.5578643  749994.0972727 
3064050.964405  -496392.4824389  749994.1100684 
3115118.480479  -496211.3583871  749994.1218698 
3166185.996552  -496015.2832574  749994.1319345 
3217253.512625  -495803.3200973  749994.1401914 
3268321.028699  -495572.5377306  749994.1464668 
3319388.544772  -495322.3145531  749994.1507873 
3370456.060846  -495050.0472129  749994.1529816 
3421523.576919  -494751.5732216  749994.1526281 
3472591.092993  -494424.4926156  749994.149539 
3523658.609066  -494064.0894097  749994.1433353 
3574726.125139  -493665.8112686  749994.1336077 
3625793.641213  -493223.6282458  749994.1199094 
3676861.157286  -492730.5867488  749994.101774 
3727928.67336  -492176.6053231  749994.0781513 
3778996.189433  -491551.1135696  749994.0484075 
3830063.705506  -490839.384602  749994.0111648 
3881131.22158  -490022.2678092  749993.9649511 
3932198.737653  -489074.1138374  749993.9075392 
3983266.253727  -487955.7339768  749993.8356197 
 4034333.7698  -486620.7711667  749993.745483 
4085401.285874  -484981.2971076  749993.6296119 
4136468.801947  -482903.9554081  749993.4766396 
4187536.31802  -480124.2458214  749993.2640356 
4238603.834094  -475983.5580195  749992.9347038 
4289671.350167  -466901.6490919  749992.1747993 
4340738.866241  499823.4488124  749997.8548019 
4391806.382314  499826.4909512  749997.8672557 
4442873.898387  499828.7308512  749997.8788788 
4493941.414461  499830.6341166  749997.890475 
4545008.930534  499832.4211314  749997.9019314 
4596076.446608  499834.1870818  749997.9132748 
4647143.962681  499835.8926892  749997.9244876 
4698211.478755  499837.5420917  749997.9356242 
4749278.994828  499839.1966028  749997.946627 
4800346.510901  499840.8105054  749997.9575143 
4851414.026975  499842.4157454  749997.9683155 
4902481.543048  499843.9798085  749997.9789813 
4953549.059122  499845.5249204  749997.9895624 
5004616.575195  499847.0599645  749998.0000306 
5055684.091269  499848.5556601  749998.0104029 
5106751.607342  499850.0524145  749998.0206546 
