-8455001.922115  -499895.4819988  -1199928.698346 
-6764001.537692  -499862.1258037  -1199930.911707 
-5073001.153269  -499810.72818  -1199930.743608 
-3382000.768846  -499731.9768649  -1199929.714095 
-1691000.384423  -499605.9257572  -1199928.08653 
            0  -499389.9830714  -1199925.108687 
84550.01922115  -499375.4145822  -1199924.146848 
169100.0384423  -499301.2155105  1199969.054918 
253650.0576635  -499284.3462343  1199960.958411 
338200.0768846  -499266.6247034  1199953.523468 
422750.0961058  -499248.0611631  1199948.301657 
507300.1153269  -499228.8099354  1199944.304867 
591850.1345481  -499208.8244324  1199941.124688 
676400.1537692  -499188.1008582  1199938.474742 
760950.1729904  -499166.6003555  1199936.652444 
845500.1922115  -499144.2995075  1199934.879864 
930050.2114327  -499121.2123803     1199933.59 
1014600.230654  -499097.2954465  1199932.468898 
1099150.249875  -499072.3488031  1199931.475532 
1183700.269096  -499046.4355585  1199930.627592 
1268250.288317  -499019.5661352  1199929.948146 
1352800.307538  -498991.620129  1199929.377072 
1437350.32676  -498962.5175306  1199928.867134 
1521900.345981  -498932.4245621  1199928.483769 
1606450.365202  -498900.9344041  1199928.114238 
1691000.384423  -498868.2870554  1199927.840889 
1775550.403644  -498834.1716932  1199927.566816 
1860100.422865  -498798.7018584  1199927.364615 
1944650.442087  -498761.6343802  1199927.179079 
2029200.461308  -498723.0768941  1199927.036589 
2113750.480529  -498682.7684606  1199926.914134 
2198300.49975  -498640.7074301  1199926.814573 
2282850.518971  -498596.7097853  1199926.737604 
2367400.538192  -498550.7953991  1199926.680147 
2451950.557413  -498502.6433652  1199926.641461 
2536500.576635  -498452.2588817  1199926.612442 
2621050.595856  -498399.5204179  1199926.603263 
2705600.615077  -498344.1913961  1199926.605286 
2790150.634298  -498286.2451338  1199926.616005 
2874700.653519  -498225.3108944  1199926.64379 
2959250.67274  -498161.321938  1199926.673489 
3043800.691961  -498094.0787926  1199926.72021 
3128350.711183  -498023.3507982  1199926.774275 
3212900.730404  -497948.7596386  1199926.834219 
3297450.749625  -497870.2578346  1199926.903828 
3382000.768846  -497787.3852716  1199926.979496 
3466550.788067  -497699.860833  1199927.061571 
3551100.807288  -497607.3580005  1199927.151428 
3635650.82651  -497509.5374104  1199927.247819 
3720200.845731  -497405.7741345  1199927.350948 
3804750.864952  -497295.7168831  1199927.459763 
3889300.884173  -497179.1588778  1199927.575218 
3973850.903394  -497055.055024  1199927.696518 
4058400.922615  -496923.1723411  1199927.824489 
4142950.941836  -496782.4926663  1199927.957017 
4227500.961058  -496632.33965  1199928.098648 
4312050.980279  -496471.8582154  1199928.24427 
 4396600.9995  -496300.2093891  1199928.398709 
4481151.018721  -496116.0858075  1199928.558489 
4565701.037942  -495918.3000114  1199928.72563 
4650251.057163  -495705.5786339  1199928.89999 
4734801.076385  -495476.1387529  1199929.080799 
4819351.095606  -495228.2951336  1199929.270573 
4903901.114827  -494959.8926282  1199929.468688 
4988451.134048  -494668.5657561  1199929.676413 
5073001.153269  -494351.5222704  1199929.892776 
5157551.17249  -494005.5137056  1199930.12109 
5242101.191711  -493626.7106522  1199930.359401 
5326651.210933  -493210.6626564  1199930.610206 
5411201.230154  -492751.3737358  1199930.874324 
5495751.249375  -492243.2191419  1199931.153998 
5580301.268596  -491677.653543  1199931.450773 
5664851.287817  -491045.1301812  1199931.767994 
5749401.307038  -490333.4689422  1199932.105222 
5833951.32626  -489526.2919606  1199932.469091 
5918501.345481  -488603.9357094  1199932.862318 
6003051.364702  -487539.1156572  1199933.290005 
6087601.383923  -486294.2012566  1199933.762415 
6172151.403144  -484813.9698387  1199934.290183 
6256701.422365  -483016.5356688  1199934.888264 
6341251.441586  -480764.3048989  1199935.586284 
6425801.460808  -477801.3884446  1199936.433606 
6510351.480029  -473527.6844012  1199937.548717 
6594901.49925  -465427.4871958  1199939.418254 
6679451.518471  499851.0638064  1199932.010438 
6764001.537692  499858.9313723  1199932.072226 
6848551.556913  499863.5417826  1199932.11649 
6933101.576135  499866.4433826  1199932.161552 
7017651.595356  499868.9131651  1199932.206523 
7102201.614577  499871.0654055  1199932.251839 
7186751.633798  499873.0967663  1199932.295463 
7271301.653019  499875.0586084  1199932.339304 
7355851.67224  499876.9300358  1199932.382629 
7440401.691461  499878.811591  1199932.425938 
7524951.710683  499880.6219258  1199932.468419 
7609501.729904  499882.402929  1199932.511463 
7694051.749125  499884.1593578  1199932.552782 
7778601.768346  499885.887002  1199932.594582 
7863151.787567  499887.5739005  1199932.636039 
7947701.806788  499889.2431899  1199932.676546 
8032251.82601  499890.8703697  1199932.717145 
8116801.845231  499892.4885028  1199932.757075 
8201351.864452  499894.0506182  1199932.797172 
8285901.883673  499895.607143  1199932.836635 
8370451.902894  499897.1317218  1199932.875861 
8455001.922115  499898.6263318  1199932.914906 
