-8454155.793521  -499842.1758532  -1199990.855946 
-6764001.537692  -499862.8098044  -1199931.958404 
-5073001.153269  -499810.9177775  -1199931.034776 
-3382846.843692  -499685.5985127  -1199988.508696 
-1691000.384423  -499605.9788406  -1199928.453982 
-846.0725106863  -499389.9219833  -1199925.689492 
84550.01922115  -499375.4232484  -1199924.790443 
169946.0237023  -499303.6416514  1199933.887563 
254496.054236  -499289.6754467  1199953.222034 
339046.0784252  -499274.900071  1199960.810482 
423596.0997065  -499259.5198619  1199964.891364 
508146.1192519  -499243.506849  1199966.996243 
592696.1394143  -499226.9369258  1199968.516521 
 677246.15944  -499209.7811334  1199969.60425 
761796.1793403  -499192.00402  1199970.444767 
846346.1627818  -499144.3437019  1199934.792119 
930896.1820029  -499154.4976545  1199971.559072 
1015446.221555  -499134.7977827  1199971.783184 
1099996.212788  -499114.4000925  1199972.325115 
1184546.239441  -499093.189382  1199972.605594 
1269096.249682  -499071.2277166  1199972.938346 
1353646.268183  -499048.4401742  1199973.21601 
1438196.287695  -499024.7944375  1199973.470417 
1522746.308665  -499000.2507959  1199973.711273 
1607296.329708  -498974.733834  1199973.935722 
1691846.350363  -498948.3058955  1199974.150699 
1776396.370658  -498920.7760137  1199974.359418 
1860946.390581  -498892.0961254  1199974.562023 
1945496.410234  -498862.3549855  1199974.757502 
2030046.429738  -498831.2948419  1199974.943562 
2114596.449139  -498798.9783299  1199975.129154 
2199146.468473  -498640.5210124  1199927.100639 
2283696.487694  -498730.1774402  1199975.490632 
2367400.538192  -498550.5364449  1199926.94733 
2452796.526685  -498655.2001947  1199975.834014 
2536500.576635  -498452.0586484  1199926.898535 
2621896.565509  -498573.427002  1199976.167216 
2705600.615077  -498343.992114  1199926.809971 
2790996.604488  -498483.8575921  1199976.486692 
2874700.653519  -498225.0926709  1199926.809159 
2960096.643512  -498161.3070046  1199926.663723 
3044646.662733  -498332.7245599  1199976.952928 
3128350.711183  -498023.0384237  1199926.890406 
3212900.730404  -497948.7796973  1199926.834922 
3298296.721567  -498157.6441039  1199977.39294 
3382000.768846  -497786.9969933  1199927.058748 
3466550.788067  -497699.8229565  1199927.064439 
3551946.78023  -497953.2202093  1199977.837859 
3635650.82651  -497509.0159386  1199927.358797 
3720200.845731  -497405.7698281  1199927.352285 
3805596.838937  -497712.4993648  1199978.24322 
3889300.884173  -497178.8456146  1199927.652997 
3973850.903394  -497055.2001245  1199927.698917 
4059246.897667  -497425.6693413  1199978.645329 
4142950.941836  -496782.3353923  1199928.004942 
4227500.961058  -496632.2587093  1199928.098093 
4312896.956457  -497081.2015894  1199979.019787 
 4396600.9995  -496300.0238731  1199928.386877 
4481151.018721  -496116.0454651  1199928.558823 
4566547.01521  -496661.6578537  1199979.385156 
4650251.057163  -495704.938647  1199928.897468 
4735647.054565  -496327.88583  1199979.625846 
4819351.095606  -495228.0060491  1199929.273042 
4904747.093866  -495941.5929999  1199979.854628 
4988451.134048  -494669.2774328  1199929.679081 
5073847.133216  -495488.2540434  1199980.081463 
5157551.17249  -494005.6460568  1199930.123083 
5242947.17262  -494951.111561  1199980.303539 
5326651.210933  -493210.1775391  1199930.610252 
5412047.212063  -494308.6813657  1199980.516709 
5495751.249375  -492242.5663673  1199931.154131 
5581147.251436  -493528.7426822  1199980.722249 
5664851.287817  -491045.2130286  1199931.766299 
5750247.290828  -492565.6138694  1199980.921167 
5834797.311162  -491994.7097001  1199981.01736 
5919347.331093  -491347.0472993  1199981.111454 
6003897.351081  -490612.8818595  1199981.202154 
6088447.371162  -489766.7642161  1199981.290046 
6172997.391347  -488782.2728655  1199981.374367 
6257547.411647  -487621.7078506  1199981.454186 
6342097.432081  -486232.8042103  1199981.528336 
6426647.452368  -484520.5501511  1199981.595139 
6511197.472672  -482343.3167137  1199981.651575 
6595747.492625  -479417.2129361  1199981.691569 
6680297.508032  -475026.3898512  1199981.699429 
6764847.56851  -464334.5043515  1199981.563124 
6848551.556913  499861.889079  1199932.118705 
6933947.652674  499811.9449918  1199991.100316 
7017651.595356  499869.1950553  1199932.199863 
7102201.614577  499871.1731481  1199932.26088 
7186751.633798  499873.133755  1199932.298455 
7271301.653019  499875.0592408  1199932.340582 
7355851.67224  499876.9446446  1199932.383372 
7440401.691461  499878.8206666  1199932.426102 
7524951.710683  499880.6197218  1199932.468538 
7610347.806706  499827.4081777  1199991.49285 
7694051.749125  499884.1722193  1199932.539479 
7778601.768346  499885.8775488  1199932.602371 
7863151.787567  499887.5833762  1199932.637881 
7947701.806788  499889.2430833   1199932.6775 
8032251.82601  499890.8729018  1199932.717438 
8116801.845231  499892.4806975  1199932.757381 
8201351.864452  499894.0580384  1199932.797344 
8286747.960729  499895.6056948  1199932.837026 
8371297.97995  499842.4152427  1199991.881677 
8455001.922115  499898.643818  1199932.896201 
