            0  499389.5703273  1199907.772413 
-84554.24661643  499370.7493482  1199238.784545 
-169108.4932329  499303.6871417  -1199934.927036 
-253662.7398493  499289.8141244  -1199955.859055 
-338216.9864657  499275.0195039  -1199962.414293 
-422771.2330822  499259.5766275  -1199965.617505 
-507325.4796986  499243.5692756  -1199967.583437 
-591879.726315  499227.0279182  -1199968.919255 
-676433.9729314  499209.7932107  -1199969.773369 
-760988.2195479  499192.0367826  -1199970.571772 
-845542.4661643  499173.604786  -1199971.124043 
-930096.7127807  499154.5375945  -1199971.628154 
-1014650.959397  499134.8635736  -1199972.038409 
-1099205.206014  499114.4661534  -1199972.40247 
-1183759.45263  499093.2839083  -1199972.712177 
-1268313.699246  499071.3147159  -1199973.019119 
-1352867.945863  499048.5195632  -1199973.287518 
-1437422.192479  499024.8083353  -1199973.544585 
-1521976.439096  499000.3410925  -1199973.778406 
-1606530.685712  498974.885403  -1199974.007736 
-1691084.932329  498948.3294879  -1199974.225634 
-1775639.178945  498920.8796215  -1199974.435328 
-1860193.425561  498892.2594109  -1199974.637951 
-1944747.672178  498862.3925221  -1199974.833992 
-2029301.918794  498831.2708644  -1199975.02457 
-2113856.165411  498799.1587254  -1199975.210036 
-2198410.412027  498765.4159455  -1199975.391595 
-2282964.658644  498730.2706162  -1199975.568862 
-2367518.90526  498693.6275274  -1199975.742701 
-2452073.151877  498655.3620889  -1199975.913036 
-2536627.398493  498615.3854251  -1199976.080253 
-2621181.645109  498573.4867892  -1199976.24462 
-2705735.891726  498529.5584449  -1199976.406611 
-2790290.138342  498484.0190044  -1199976.565366 
-2874844.384959  498435.9742073  -1199976.722116 
-2959398.631575  498385.6993244  -1199976.876273 
-3043952.878192  498332.8061667  -1199977.02821 
-3128507.124808  498277.3989263  -1199977.178348 
-3213061.371424  498219.1076532  -1199977.326242 
-3297615.618041  498157.6498686  -1199977.472378 
-3382169.864657  498093.2530543  -1199977.616205 
-3466724.111274  498025.2042656  -1199977.75837 
-3551278.35789  497953.3931643  -1199977.898805 
-3635832.604507  497877.5650159  -1199978.037434 
-3720386.851123  497797.429697  -1199978.174366 
-3804941.097739  497712.6591538  -1199978.309647 
-3889495.344356  497622.8024618  -1199978.443275 
-3974049.590972  497527.4599689  -1199978.575196 
-4058603.837589  497426.3395337  -1199978.705659 
-4143158.084205  497318.6692339  -1199978.834539 
-4227712.330822  497204.0431649  -1199978.961748 
-4312266.577438  497081.7793091  -1199979.087521 
-4396820.824054  496951.3079091  -1199979.21184 
-4481375.070671  496811.7857764  -1199979.334559 
-4565929.317287  496662.180565  -1199979.455821 
-4650483.563904  496501.2951175  -1199979.575473 
-4735037.81052  496328.9389332  -1199979.693798 
-4819592.057137  496142.9886384  -1199979.810568 
-4904146.303753  495941.9549286  -1199979.925799 
-4988700.550369  495724.6954162  -1199980.039536 
-5073254.796986  495489.0570008  -1199980.151778 
-5157809.043602  495232.4600242  -1199980.262418 
-5242363.290219  494952.7231328  -1199980.371517 
-5326917.536835  494646.7232047  -1199980.478907 
-5411471.783452  494310.5711178  -1199980.58464 
-5496026.030068  493940.4897194  -1199980.688562 
-5580580.276684  493530.8261577  -1199980.790675 
-5665134.523301  493075.4483609  -1199980.890781 
-5749688.769917  492567.5175994  -1199980.988897 
-5834243.016534  491996.319625  -1199981.084661 
-5918797.26315  491351.0095651  -1199981.177916 
-6003351.509767  490614.9361249  -1199981.268366 
-6087905.756383  489769.2924522  -1199981.355704 
-6172460.002999  488785.5808541  -1199981.439169 
-6257014.249616    487626.2334  -1199981.518228 
-6341568.496232  486235.6719175  -1199981.591591 
-6426122.742849  484525.8012448  -1199981.65743 
-6510676.989465  482350.1208165  -1199981.712719 
-6595231.236082  479418.5640961  -1199981.751174 
-6679785.482698  474993.6212434  -1199981.756708 
-6764339.729314  464286.9598498  -1199981.622065 
-6848893.975931  -499801.6488454  -1199991.010462 
-6933448.222547  -499808.3691969  -1199991.060846 
-7018002.469164  -499812.5749558  -1199991.110587 
-7102556.71578  -499815.5861834  -1199991.160068 
-7187110.962397  -499817.8753376  -1199991.209228 
-7271665.209013  -499819.9070079  -1199991.258009 
-7356219.45563  -499821.8660203  -1199991.306394 
-7440773.702246  -499823.7632537  -1199991.354332 
-7525327.948862  -499825.5861675  -1199991.401898 
-7609882.195479  -499827.4023868  -1199991.449049 
-7694436.442095  -499829.1644226  -1199991.495796 
-7778990.688712  -499830.9226107  -1199991.54215 
-7863544.935328  -499832.6434923  -1199991.588102 
-7948099.181945  -499834.3283799  -1199991.633687 
-8032653.428561  -499835.9966495  -1199991.678878 
-8117207.675177  -499837.6305806  -1199991.723702 
-8201761.921794  -499839.245307  -1199991.768118 
-8286316.16841  -499840.8437217  -1199991.812212 
-8370870.415027  -499842.41934  -1199991.85593 
-8455424.661643  -499843.9636985  -1199991.899268 
