-8454155.793521  -499843.770884  -1199990.109162 
-6764847.659235  -499807.9857197  -1199990.415136 
-5073847.275198  -499758.0639249  -1199989.709855 
-3382846.890478  -499685.570644  -1199988.45525 
-1691846.505419  -499574.7048061  -1199986.660145 
-846.1199734762  -499389.6273545  -1199909.820597 
83703.95878783  -499370.9683623  -1199271.360344 
168254.4401346  -499303.5660292  1199931.656198 
254496.0414712  -499289.8529189  1199956.13486 
339046.0744065  -499274.9948155  1199962.199957 
423596.0971448  -499259.5638614  1199965.509067 
508146.1183194  -499243.5477625  1199967.524564 
592696.1387979  -499226.9559013  1199968.711796 
677246.158829  -499209.7590633  1199969.742522 
761796.1787837  -499192.0290048  1199970.414047 
846346.1985734  -499173.6478698  1199971.003026 
930896.2183202  -499154.6586451  1199971.473094 
1015446.238018  -499134.8638275  1199971.914098 
1099996.257707  -499114.4525278  1199972.265717 
1184546.277362  -499093.231246  1199972.603323 
1269096.297009  -499071.3022442  1199972.891968 
1353646.316635  -499048.5394344  1199973.171011 
1438196.336256  -499024.8717342  1199973.416863 
1522746.355859  -499000.3566541  1199973.66221 
1607296.37546  -498974.8597942  1199973.889342 
1691846.395055  -498948.3177573  1199974.109324 
1776396.414646  -498920.8311839  1199974.318962 
1860946.43423  -498892.2190742  1199974.522575 
1945496.453811  -498862.3972757  1199974.720459 
2030046.473389  -498831.3760545  1199974.911861 
2114596.492964  -498799.1030062  1199975.098662 
2199146.512533  -498765.504246  1199975.281049 
2283696.532099  -498730.2962055  1199975.459611 
2368246.551663  -498693.6476212  1199975.63437 
2452796.571223  -498655.3904666  1199975.805892 
2537346.590781  -498615.3622675  1199975.974226 
2621896.610336  -498573.5716696  1199976.139601 
2706446.629888  -498529.8138209  1199976.302503 
2790996.649436  -498484.0522095  1199976.46246 
2875546.668982  -498435.9526817  1199976.620425 
2960096.688525  -498385.7417091  1199976.775461 
3044646.708067  -498332.8493262  1199976.928697 
3129196.727605  -498277.502143  1199977.079478 
3213746.747141  -498219.1776573  1199977.228458 
3298296.766674  -498157.8329843  1199977.375457 
3382846.786205  -498093.305168  1199977.520439 
3467396.805733  -498025.2403183  1199977.663531 
3551946.82526  -497953.4316448  1199977.80494 
3636496.844784  -497877.5875369  1199977.944496 
3721046.864305  -497797.5408393  1199978.082373 
3805596.883825  -497712.7392276  1199978.218518 
3890146.903343  -497622.8865385  1199978.353123 
3974696.922858  -497527.6562112  1199978.485974 
4059246.942372  -497426.4017518  1199978.617226 
4143796.961884  -497318.8907448  1199978.746958 
4228346.981394  -497204.2292473  1199978.875234 
4312897.000902  -497082.1064291  1199979.001774 
4397447.020409  -496951.5744772  1199979.126884 
4481997.039914  -496811.9878644  1199979.250529 
4566547.059418  -496662.2825155  1199979.372565 
4651097.078921  -496501.988035  1199979.493172 
4735647.098423  -496329.4267073  1199979.612234 
4820197.117923  -496143.4236873  1199979.729863 
4904747.137423  -495942.5468728  1199979.845929 
4989297.156922  -495725.2035355  1199979.96042 
5073847.17642  -495489.5202444  1199980.073472 
5158397.195918  -495233.0685472  1199980.184885 
5242947.215416  -494953.260615  1199980.294719 
5327497.234914  -494647.4348947  1199980.402995 
5412047.254413  -494311.4653284  1199980.509501 
5496597.273913  -493941.2177885  1199980.61424 
5581147.293413  -493531.9155556  1199980.717104 
5665697.312916  -493076.9571806  1199980.818088 
5750247.33242  -492568.9198506  1199980.916896 
5834797.351928  -491998.159913  1199981.013421 
5919347.371439  -491352.7831465  1199981.107489 
6003897.390956  -490617.2448603  1199981.198738 
6088447.410478  -489771.8787311  1199981.286844 
6172997.430009  -488789.0658015  1199981.37121 
6257547.449549  -487630.3111615  1199981.45113 
6342097.469103  -486240.1579412  1199981.525346 
6426647.488675  -484532.3006178  1199981.592203 
6511197.508273  -482358.2951699  1199981.648484 
6595747.527907  -479430.4390133  1199981.688226 
6680297.547602  -475012.9610543  1199981.695206 
6764847.567416  -464381.4341372  1199981.564731 
6849397.587722  499799.8064844  1199991.032178 
6933947.698498  499808.4860413  1199991.082732 
7018497.717747  499812.6458483  1199991.132689 
7103047.736995  499815.391764  1199991.182198 
7187597.756243  499817.8181071  1199991.231256 
7272147.775491  499819.9062914  1199991.279896 
7356697.794739  499821.8482843  1199991.328139 
7441247.813987  499823.7346374  1199991.375941 
7525797.833234  499825.5801661  1199991.42335 
7610347.852481  499827.3882233  1199991.470358 
7694897.871728  499829.1594847  1199991.516966 
7779447.890975  499830.9014606  1199991.563161 
7863997.910221  499832.6406445  1199991.608966 
7948547.929468  499834.3249058  1199991.654387 
8033097.948714  499835.991509  1199991.699457 
8117647.96796  499837.6304681  1199991.744171 
8202197.987206  499839.2465798  1199991.788437 
8286748.006452  499840.8469518  1199991.832393 
8371298.025697  499842.4073128  1199991.875988 
8455848.044943  499843.9498182  1199991.919207 
