            0  499970.5456799  1199983.071791 
-84554.24661643  499969.8446014  1199968.780416 
-169108.4932329  499965.0277545  -1199969.437592 
-253662.7398493  499964.4359395  -1199970.889202 
-338216.9864657  499963.7970976  -1199971.403891 
-422771.2330822  499963.133542  -1199971.783608 
-507325.4796986  499962.4502795  -1199972.051442 
-591879.726315  499961.695935  -1199972.291722 
-676433.9729314  499960.9921673  -1199972.535955 
-760988.2195479  499960.2445508  -1199972.76622 
-845542.4661643  499959.4565635  -1199972.974028 
-930096.7127807  499958.6374073  -1199973.171231 
-1014650.959397  499957.7976356  -1199973.362867 
-1099205.206014  499956.927222  -1199973.550146 
-1183759.45263  499955.9912062  -1199973.734538 
-1268313.699246  499955.0918219  -1199973.918178 
-1352867.945863  499954.1036904  -1199974.098404 
-1437422.192479  499953.1243786  -1199974.276557 
-1521976.439096  499952.0647007  -1199974.451955 
-1606530.685712  499951.0118267  -1199974.625375 
-1691084.932329  499949.8799619  -1199974.796505 
-1775639.178945  499948.7374303  -1199974.965719 
-1860193.425561  499947.5341552  -1199975.133037 
-1944747.672178  499946.2621007  -1199975.29838 
-2029301.918794  499944.942965  -1199975.461967 
-2113856.165411  499943.5827813  -1199975.623883 
-2198410.412027  499942.171088  -1199975.784005 
-2282964.658644  499940.7056891  -1199975.942489 
-2367518.90526  499939.1913538  -1199976.099249 
-2452073.151877  499937.5941002  -1199976.254395 
-2536627.398493  499935.9245218  -1199976.407932 
-2621181.645109  499934.1993396  -1199976.559979 
-2705735.891726  499932.3642476  -1199976.710457 
-2790290.138342  499930.4710903  -1199976.859404 
-2874844.384959  499928.4958618  -1199977.00685 
-2959398.631575  499926.398866  -1199977.152891 
-3043952.878192  499924.2250885  -1199977.297497 
-3128507.124808  499921.9077119  -1199977.44064 
-3213061.371424  499919.4266284  -1199977.582405 
-3297615.618041  499916.9305306  -1199977.722771 
-3382169.864657  499914.2711322  -1199977.861776 
-3466724.111274  499911.506784  -1199977.999457 
-3551278.35789  499908.5421313  -1199978.135805 
-3635832.604507  499905.4102965  -1199978.270866 
-3720386.851123  499902.0908785  -1199978.404659 
-3804941.097739  499898.6376178  -1199978.537136 
-3889495.344356  499895.0062331  -1199978.668386 
-3974049.590972  499891.0983225  -1199978.798396 
-4058603.837589  499886.9302241  -1199978.927174 
-4143158.084205  499882.5786185  -1199979.054784 
-4227712.330822  499877.9471049  -1199979.181184 
-4312266.577438  499872.9395301  -1199979.306409 
-4396820.824054  499867.6275259  -1199979.430482 
-4481375.070671  499862.0499695  -1199979.553409 
-4565929.317287  499855.9522079  -1199979.675197 
-4650483.563904  499849.3964421  -1199979.795891 
-4735037.81052  499842.4333774  -1199979.915441 
-4819592.057137  499835.0518921  -1199980.033928 
-4904146.303753  499827.1441924  -1199980.15133 
-4988700.550369  499818.5779193  -1199980.267665 
-5073254.796986  499808.9798615  -1199980.382938 
-5157809.043602  499798.9485759  -1199980.497175 
-5242363.290219  499787.9114705  -1199980.610382 
-5326917.536835  499775.8985295  -1199980.722557 
-5411471.783452  499762.8339525  -1199980.833716 
-5496026.030068  499748.4930237  -1199980.943876 
-5580580.276684    499732.8174  -1199981.053042 
-5665134.523301  499715.6549379  -1199981.161229 
-5749688.769917  499696.3637123  -1199981.268415 
-5834243.016534  499675.4515724  -1199981.374653 
-5918797.26315  499651.9355146  -1199981.479908 
-6003351.509767  499625.7514936  -1199981.584208 
-6087905.756383  499596.3219467  -1199981.687549 
-6172460.002999  499563.0776908  -1199981.789925 
-6257014.249616  499525.4366547  -1199981.891344 
-6341568.496232  499482.7183264  -1199981.991798 
-6426122.742849  499434.1005671  -1199982.091283 
-6510676.989465  499377.2903347  -1199982.189776 
-6595231.236082  499311.5484759  -1199982.28727 
-6679785.482698  499234.7653474  -1199982.383737 
-6764339.729314  499143.6275495  -1199982.479131 
-6848893.975931  499035.345744  -1199982.573462 
-6933448.222547  498903.1255803  -1199982.666496 
-7018002.469164  498740.8075004  -1199982.758238 
-7102556.71578  498538.3297803  -1199982.848523 
-7187110.962397  498278.7054643  -1199982.937072 
-7271665.209013  497937.7613428  -1199983.023459 
-7356219.45563  497473.2070675  -1199983.107021 
-7440773.702246  496805.5796361  -1199983.186421 
-7525327.948862  495758.7399625  -1199983.258721 
-7609882.195479  493781.7224917  -1199983.314616 
-7694436.442095  -499990.2782739  -1199991.501158 
-7778990.688712  -499990.3619328  -1199991.547372 
-7863544.935328  -499990.4485988  -1199991.593239 
-7948099.181945  -499990.5267061  -1199991.638611 
-8032653.428561  -499990.6140805  -1199991.683528 
-8117207.675177  -499990.6929679  -1199991.728324 
-8201761.921794  -499990.7728348  -1199991.77268 
-8286316.16841  -499990.8500633  -1199991.816619 
-8370870.415027  -499990.9280658  -1199991.860177 
-8455424.661643  -499991.0056181  -1199991.903486 
