-8454155.97767  -499839.3681911  -1199987.478406 
-6764847.633321  -499807.6266422  -1199990.578629 
-5073847.258106  -499758.0411948  -1199989.852442 
-3382846.880555  -499685.6434938  -1199988.496547 
-1691846.501352  -499574.7046968  -1199986.709822 
-846.11905006  -499389.6154082  -1199909.88696 
83703.95888092  -499370.9673856  -1199271.242862 
168254.4444321  -499303.5695319  1199931.729764 
254496.0437363  -499289.8087253  1199955.889473 
339046.0752887  -499275.0478672  1199962.850962 
423596.0982168  -499259.6371902  1199966.236497 
508146.1190975  -499243.586008  1199968.045423 
592696.1393522  -499226.9895972  1199969.169357 
677246.1591094  -499209.8343758  1199969.887636 
761796.1786628  -499192.0430391  1199970.536447 
846346.1981255  -499173.5840026  1199971.008918 
930896.2174963  -499154.5898542  1199971.452644 
1015446.236834  -499134.8484654  1199971.847424 
1099996.256165  -499114.3669539  1199972.196061 
1184546.275455  -499093.178704  1199972.514392 
1269096.29474  -499071.1866292  1199972.806832 
1353646.314024  -499048.4013615  1199973.084993 
1438196.333239  -499024.8408974  1199973.360277 
1522746.352429  -499000.2172008  1199973.595843 
1607296.371687  -498974.7405255  1199973.814903 
1691846.390945  -498948.2565496  1199974.057266 
1776396.410113  -498920.7705358  1199974.27341 
1860946.429327  -498892.071771  1199974.487572 
1945496.448521  -498862.2457314  1199974.696823 
2030046.467707  -498831.270782  1199974.868413 
2114596.486932  -498798.9631151  1199975.076706 
2199146.50609  -498765.2422402  1199975.263638 
2283696.525261  -498730.1498517  1199975.456087 
2368246.54443  -498693.4770523  1199975.622716 
2452796.563609  -498655.2059035  1199975.797902 
2537346.582778  -498615.2111921  1199975.974363 
2621896.601944  -498573.3974786  1199976.142856 
2706446.621106  -498529.6540482  1199976.302821 
2790996.640258  -498483.8241399  1199976.462147 
2875546.659407  -498435.8308638  1199976.628343 
2960096.678576  -498385.5039644  1199976.785488 
3044646.697721  -498332.6513908  1199976.939315 
3129196.716877  -498277.2415188  1199977.086868 
3213746.735987  -498218.9873392  1199977.23963 
3298296.755146  -498157.6205466  1199977.385579 
3382846.774278  -498093.0168265  1199977.533472 
3467396.793423  -498024.9981608  1199977.677434 
3551946.812551  -497953.1068118  1199977.819775 
3636496.831672  -497877.3314312  1199977.960071 
3721046.850832  -497797.2779882  1199978.095509 
3805596.869991  -497712.3167863  1199978.236335 
3890146.889131  -497622.323055  1199978.373291 
3974696.908246  -497526.996485  1199978.50724 
4059246.927401  -497425.8795407  1199978.639023 
4143796.946557  -497318.2376255  1199978.766608 
4228346.965692  -497203.5467447  1199978.900821 
4312896.984838  -497081.2449661  1199979.023194 
4397447.003974  -496950.8290133  1199979.150587 
4481997.023135  -496811.1318448  1199979.269516 
4566547.042253  -496661.5729406  1199979.388797 
4651097.061441  -496501.1080197  1199979.511535 
4735647.080552  -496328.2798358  1199979.625498 
4820197.099711  -496142.6874475  1199979.745473 
4904747.118879  -495941.6912248  1199979.859507 
4989297.138079  -495724.2173081  1199979.976902 
5073847.157252  -495488.5296242   1199980.0873 
5158397.176402  -495232.0976332  1199980.196286 
5242947.195633  -494952.4238854  1199980.306414 
5327497.214798  -494646.1402424  1199980.414392 
5412047.234004  -494310.6342032  1199980.519204 
5496597.253231  -493940.7129087  1199980.623872 
5581147.27247  -493531.204552  1199980.726091 
5665697.291758  -493076.3582966  1199980.826615 
5750247.310982  -492568.6965905  1199980.924753 
5834797.330281  -491998.5253104  1199981.021638 
5919347.349593  -491353.9676124   1199981.1159 
6003897.368932  -490617.6606464  1199981.204631 
6088447.388299  -489773.0145893  1199981.292735 
6172997.407702  -488789.1903314  1199981.375316 
6257547.427155  -487633.2452343  1199981.455839 
6342097.446666  -486243.4811813  1199981.529338 
6426647.466241  -484535.0908662  1199981.59537 
6511197.485948  -482361.4823832  1199981.651461 
6595747.505751   -479433.3258  1199981.690781 
6680297.525756  -475016.021241  1199981.697847 
6764847.546128  -464376.4089499  1199981.567487 
6849397.568103  499807.4199587  1199991.032327 
6933947.671076  499811.8834464  1199991.102924 
7018497.689995  499814.1601891  1199991.138507 
7103047.708873  499816.1599638  1199991.20342 
7187597.727778  499818.1237261  1199991.23728 
7272147.746662  499820.0533739  1199991.30092 
7356697.765591  499821.9301693  1199991.354033 
7441247.784494  499823.7698271  1199991.387929 
7525797.803393  499825.6113701  1199991.448907 
7610347.822309  499827.413541  1199991.496322 
7694897.841224  499829.1947664  1199991.536214 
7779447.860131  499830.9269532  1199991.59036 
7863997.879049  499832.6457288  1199991.638094 
7948547.897968  499834.3468541  1199991.664036 
8033097.916871  499835.9983735  1199991.714322 
8117647.935794  499837.6370225  1199991.747343 
8202197.954705  499839.2680871  1199991.807443 
8286747.973657  499840.861421  1199991.857621 
8371297.992595  499842.4310661  1199991.898408 
8455848.011518  499843.9662786  1199991.940637 
