            0  499999.3288324  1199996.168293 
-13528.17016281  499999.3286225  1199996.163231 
-27056.34032562  499999.3279644  1199996.158675 
-40584.51048843  499999.3274234  1199996.154539 
-54112.68065124  499999.3265847  1199996.150488 
-67640.85081406  499999.3259141  1199996.146597 
-81169.02097687  499999.325121  1199996.14264 
-94697.19113968  499999.324333  1199996.138694 
-108225.3613025  499999.3235882  1199996.134698 
-121753.5314653  499999.3227814  1199996.130728 
-135281.7016281  499999.3220037  1199996.126757 
-148809.8717909  499999.3211803  1199996.122689 
-162338.0419537  499999.3203745  1199996.118521 
-175866.2121165  499999.3195897  1199996.114301 
-189394.3822794  499999.3187046  1199996.109921 
-202922.5524422  499999.3178915  1199996.105622 
-216450.722605  499999.3170611  1199996.101259 
-229978.8927678  499999.316242  1199996.096565 
-243507.0629306  499999.315471  1199996.091969 
-257035.2330934  499999.3146239  1199996.087268 
-270563.4032562  499999.3137447  1199996.082294 
-284091.573419  499999.3129845  1199996.077409 
-297619.7435818  499999.3122891  1199996.071158 
-311147.9137447  499999.3113144  1199996.065118 
-324676.0839075  499999.3104521  1199996.059154 
-338204.2540703  499999.309617  1199996.052773 
-351732.4242331  499999.3088006  1199996.04674 
-365260.5943959  499999.3080084  1199996.038129 
-378788.7645587  499999.307156  1199996.028815 
-392316.9347215  499999.3062837  1199996.020493 
-405845.1048843  499999.3054382  1199996.011328 
-419373.2750471  499999.3045891  1199995.999964 
-432901.44521  499999.303754  1199995.983258 
-446429.6153728  499998.1260636  -1199993.670653 
-459957.7855356  499998.1242734  -1199993.688739 
-473485.9556984  499998.122482  -1199993.706804 
-487014.1258612  499998.1206727  -1199993.719338 
-500542.296024  499998.1188755  -1199993.731063 
-514070.4661868  499998.1170541  -1199993.739663 
-527598.6363496  499998.1153209  -1199993.748255 
-541126.8065124  499998.1134558  -1199993.755314 
-554654.9766753  499998.1116288  -1199993.762211 
-568183.1468381  499998.1098537  -1199993.768911 
-581711.3170009  499998.1079685  -1199993.775145 
-595239.4871637  499998.1062258  -1199993.780991 
-608767.6573265  499998.1043793  -1199993.786648 
-622295.8274893  499998.1026455  -1199993.792348 
-635823.9976521  499998.1006867  -1199993.797596 
-649352.1678149  499998.098852  -1199993.802795 
-662880.3379777   499998.09692  -1199993.807992 
-676408.5081406  499998.095243  -1199993.812948 
-689936.6783034  499998.0933364  -1199993.818094 
-703464.8484662  499998.0913845  -1199993.823189 
-716993.018629  499998.089681  -1199993.827933 
-730521.1887918  499998.0879249  -1199993.832934 
-744049.3589546  499998.085828  -1199993.837833 
-757577.5291174  499998.0841428  -1199993.842676 
-771105.6992802  499998.0822882  -1199993.847595 
-784633.869443  499998.0802209  -1199993.852482 
-798162.0396059  499998.0785948  -1199993.857464 
-811690.2097687  499998.0766862  -1199993.861946 
-825218.3799315  499998.0748138  -1199993.866748 
-838746.5500943  499998.0727886  -1199993.871893 
-852274.7202571  499998.0709162  -1199993.876713 
-865802.8904199  499998.0691255  -1199993.881371 
-879331.0605827  499998.0672005  -1199993.88631 
-892859.2307455  499998.0651622  -1199993.891262 
-906387.4009083  499998.0634025  -1199993.895831 
-919915.5710712  499998.0615302  -1199993.900759 
-933443.741234  499998.0594736  -1199993.905699 
-946971.9113968  499998.0577725  -1199993.91027 
-960500.0815596  499998.0558199  -1199993.915168 
-974028.2517224  499998.0537705  -1199993.920096 
-987556.4218852  499998.0519314  -1199993.924903 
-1001084.592048  499998.0501304  -1199993.929489 
-1014612.762211  499998.048167  -1199993.934374 
-1028140.932374  499998.0460957  -1199993.939245 
-1041669.102536  499998.0443799  -1199993.943987 
-1055197.272699  499998.0424236  -1199993.948568 
-1068725.442862  499998.0405516  -1199993.953307 
-1082253.613025  499998.0383663  -1199993.958212 
-1095781.783188  499998.0366811  -1199993.962692 
-1109309.953351  499998.0347942  -1199993.967329 
-1122838.123513  499998.0327596  -1199993.972102 
-1136366.293676  499998.0307472  -1199993.977029 
-1149894.463839  499998.0288208  -1199993.981541 
-1163422.634002  499998.0267116  -1199993.986314 
-1176950.804165  499998.0248518  -1199993.991004 
-1190478.974327  499998.0229028  -1199993.995561 
-1204007.14449  499998.0210896  -1199994.000191 
-1217535.314653  499998.0189579  -1199994.004969 
-1231063.484816  499998.0170318  -1199994.009712 
-1244591.654979  499998.014942  -1199994.014144 
-1258119.825141  499998.0130722  -1199994.018846 
-1271647.995304  499998.0110944  -1199994.023516 
-1285176.165467  499998.0091441  -1199994.02792 
-1298704.33563  499998.0071308  -1199994.032671 
-1312232.505793  499998.0051657  -1199994.037297 
-1325760.675955  499998.0030027  -1199994.04202 
-1339288.846118  499998.0010273  -1199994.046347 
-1352817.016281  499997.999135  -1199994.051101 
