-8454155.793521  -499843.7708846  -1199990.109166 
-6764847.659235  -499807.9857199  -1199990.415138 
-5073847.275198  -499758.0639249  -1199989.709856 
-3382846.890478  -499685.570644  -1199988.45525 
-1691846.505419  -499574.7048061  -1199986.660145 
-846.1199734762  -499389.6273546  -1199909.820597 
83703.95878783  -499370.9702425  -1199271.55536 
168254.4399912  -499303.5684489  1199931.670053 
254496.0414706  -499289.8095785  1199955.967448 
339046.0742781  -499275.0024807  1199962.326563 
423596.0972237  -499259.5616031  1199965.477891 
508146.1183096  -499243.5519453  1199967.460253 
592696.1387565  -499227.0019626  1199968.816689 
677246.1588835  -499209.8459563  1199969.70689 
761796.1787739  -499192.0328386  1199970.450839 
846346.1985939  -499173.6078632  1199971.000007 
930896.218326  -499154.6235625  1199971.490987 
1015446.238031  -499134.8050711  1199971.915616 
1099996.257714  -499114.4483249  1199972.266595 
1184546.277366  -499093.3171736  1199972.602087 
1269096.29701  -499071.2920875  1199972.894412 
1353646.316637  -499048.4715338  1199973.168985 
1438196.336255  -499024.886541  1199973.418304 
1522746.355859  -499000.314599  1199973.661937 
1607296.375461  -498974.8386312  1199973.890355 
1691846.395056  -498948.3210886  1199974.108856 
1776396.414646  -498920.8438348  1199974.319076 
1860946.43423  -498892.2407279  1199974.523487 
1945496.453813  -498862.4136952  1199974.719611 
2030046.473388  -498831.4087768  1199974.911375 
2114596.492961  -498799.0844674  1199975.098811 
2199146.512532  -498765.4813627  1199975.281194 
 2283696.5321  -498730.2943572  1199975.459572 
2368246.551663  -498693.6612823  1199975.634369 
2452796.571224  -498655.3438676  1199975.805947 
2537346.59078  -498615.3699529  1199975.974351 
2621896.610335  -498573.5820827  1199976.139634 
2706446.629887  -498529.8504341  1199976.30222 
2790996.649437  -498484.026586  1199976.462504 
2875546.668982  -498436.0941973  1199976.620122 
2960096.688526  -498385.6992701  1199976.775558 
3044646.708067  -498332.9569695  1199976.928535 
3129196.727605  -498277.4735696  1199977.079598 
3213746.747141  -498219.114951  1199977.22833 
3298296.766674  -498157.8994372  1199977.375397 
3382846.786205  -498093.1121629  1199977.520577 
3467396.805733  -498025.2271213  1199977.66358 
3551946.82526  -497953.5290325  1199977.804897 
3636496.844783  -497877.6526684  1199977.944477 
3721046.864305  -497797.5924354  1199978.082368 
3805596.883825  -497712.7919148  1199978.218547 
3890146.903342  -497622.8245125  1199978.353039 
3974696.922858  -497527.6811834  1199978.485947 
4059246.942372  -497426.5003427  1199978.617231 
4143796.961884  -497318.9515019  1199978.746975 
4228346.981394  -497204.2245517  1199978.875138 
4312897.000902  -497082.0377964  1199979.001751 
4397447.020409  -496951.5724517   1199979.1269 
4481997.039914  -496812.0337737  1199979.250509 
4566547.059418  -496662.4780887  1199979.372539 
4651097.078921  -496501.863199  1199979.493136 
4735647.098423  -496329.4070114  1199979.612265 
4820197.117923  -496143.382198  1199979.72986 
4904747.137423  -495942.6557191  1199979.845875 
4989297.156922  -495725.2393769  1199979.960469 
5073847.17642  -495489.4902382  1199980.073495 
5158397.195918  -495233.1573786  1199980.184892 
5242947.215416  -494953.3207219  1199980.294732 
5327497.234914  -494647.4958759  1199980.402926 
5412047.254413  -494311.5556071  1199980.509443 
5496597.273913  -493941.4678009  1199980.614186 
5581147.293413  -493532.0079771  1199980.717095 
5665697.312916  -493076.7383197  1199980.817984 
5750247.33242  -492568.7530183  1199980.91681 
5834797.351928  -491998.1981317  1199981.013419 
5919347.371439  -491352.9467729  1199981.107493 
6003897.390956  -490617.5049947  1199981.198784 
6088447.410478  -489771.9565515  1199981.286859 
6172997.430009  -488788.8886386  1199981.371253 
6257547.449549  -487630.2047921  1199981.451084 
6342097.469103  -486240.3126528  1199981.525325 
6426647.488675  -484532.5274593  1199981.592246 
6511197.508273  -482358.0169424  1199981.648476 
6595747.527907  -479430.6430732  1199981.688193 
6680297.547602  -475012.56429  1199981.695193 
6764847.567416  -464381.5941685  1199981.564732 
6849397.587722  499800.0250901  1199991.032569 
6933947.698498  499807.7863198  1199991.082942 
7018497.717747  499812.087779  1199991.132825 
7103047.736995  499815.341662  1199991.182231 
7187597.756243  499817.7462586  1199991.231294 
7272147.775491  499819.8954165  1199991.279906 
7356697.794739  499821.8444154  1199991.328143 
7441247.813986  499823.7326577  1199991.375928 
7525797.833234  499825.5797199  1199991.423348 
7610347.852481  499827.3919856  1199991.470403 
7694897.871728  499829.1612297  1199991.516967 
7779447.890975  499830.9130374  1199991.563156 
7863997.910221  499832.6313587  1199991.608978 
7948547.929468  499834.3231729  1199991.65441 
8033097.948714  499835.9873254  1199991.699414 
8117647.96796  499837.6339092  1199991.744124 
8202197.987206  499839.239214  1199991.78847 
8286748.006452  499840.8388556  1199991.83238 
8371298.025697  499842.406009  1199991.875963 
8455848.044943  499843.9683183  1199991.919183 
