-5106495.905683  -499846.5785364  -749993.7835678 
-4085197.41434  -499810.9737663  -749993.2176323 
-3063898.156554  -499761.5952192  -749992.2692241 
-2042598.898767  -499689.9090219  -749990.9925306 
-1021299.640978  -499580.2665743  -749989.1113379 
-0.3831842675326  -499399.7456646  -749982.3146367 
51064.57972534  -499387.8612282  -749981.8384189 
102129.5426158  -499375.4592033  -749980.0557963 
153194.5055069  -499362.6569047  -749977.5710219 
204259.4683984  -499349.4654747  -749974.2022521 
255324.4312903  -499335.8749639  -749968.835256 
306389.3941831  -499321.689653  -749959.6669395 
357454.3570777  -499306.8203192  -749942.0913839 
408519.319976  -499291.1452417  -749902.1891816 
459584.2828843  -499273.8807403  -749774.6649681 
510649.2458314  -499250.8180356  -748860.3601169 
561714.2091256  -499190.7624506  749978.3098984 
612779.8351553  -499172.1928486  749978.7187524 
663844.7980466  -499152.9275014  749979.0395303 
714909.760938  -499133.1428093  749979.3098857 
765974.7238294  -499112.5027457  749979.5478023 
817039.6867209  -499091.1139437  749979.7767897 
868104.6496125  -499068.9031863  749979.9926353 
919169.6125041  -499045.7950003  749980.1974865 
970234.5753959  -499022.0433624  749980.3956202 
1021299.538288  -498997.2899589  749980.5819847 
1072364.50118  -498971.5419477  749980.7613335 
1123429.464072  -498944.7011893  749980.9340413 
1174494.426964  -498916.8381672  749981.1004355 
1225559.389856  -498887.9663566  749981.2614329 
1276624.352748   -498857.8841  749981.4170018 
1327689.315641  -498826.4725226  749981.567974 
1378754.278533  -498793.7484925  749981.7144991 
1429819.241426  -498759.9550894  749981.8567539 
1480884.204319  -498724.0474762  749981.9961053 
1531949.167212  -498687.1246118  749982.1313533 
1583014.130105  -498648.4732266  749982.2633221 
1634079.092999  -498607.9005586  749982.3924332 
1685144.055892  -498564.996354  749982.5189467 
1736209.018786  -498521.2496033  749982.6418519 
1787273.98168  -498475.1659485  749982.7620657 
1838338.944574  -498426.4639947  749982.8803074 
1889403.907468  -498375.401349  749982.996113 
1940468.870363  -498321.8725718  749983.1094398 
1991533.833258  -498265.5064967  749983.2207035 
2042598.796153  -498206.5838769  749983.3295907 
2093663.759049  -498143.8148265  749983.436649 
2144728.721945  -498078.4398436  749983.541284 
2195793.684841  -498009.6557171  749983.6441176 
2246858.647737  -497936.8123713  749983.7449763 
2297923.610634  -497859.8702289  749983.8438824 
2348988.573532  -497778.5943979  749983.9409422 
2400053.53643  -497692.3767863  749984.036053 
2451118.499328  -497600.9699831  749984.1294024 
2502183.462227  -497503.9492213  749984.2208326 
2553248.425126  -497401.116561  749984.3105426 
2604313.388026  -497290.938884  749984.3980966 
2655378.350927  -497175.2036089  749984.4843061 
2706443.313829  -497050.2210698  749984.5681267 
2757508.276731  -496917.1465803  749984.6501703 
2808573.239635  -496775.3039922  749984.7304481 
2859638.202539  -496621.2038666  749984.8083332 
2910703.165444  -496459.0802259  749984.8848282 
2961768.128351  -496281.8208632  749984.9587349 
3012833.091259  -496091.2028283   749985.03052 
3063898.054168  -495886.3442917  749985.1002818 
3114963.017079  -495663.7016108  749985.1674681 
3166027.979992  -495422.471664  749985.2323212 
3217092.942906  -495159.7273275  749985.294474 
3268157.905823  -494871.6587482  749985.3535012 
3319222.868743  -494557.5173484  749985.4098373 
3370287.831665  -494211.2983754  749985.4624546 
3421352.794591  -493830.9513252  749985.5117619 
3472417.757521  -493407.9822344  749985.5567931 
3523482.720454  -492937.9520965  749985.5972867 
3574547.683393  -492411.8951405  749985.6326632 
3625612.646338  -491818.8374234  749985.6618237 
3676677.60929  -491146.9437668  749985.6843737 
3727742.57225  -490379.7268855  749985.6985377 
3778807.53522  -489493.682681  749985.7028895 
3829872.498202  -488460.2731142  749985.695146 
 3880937.4612  -487235.6080531  749985.6716464 
3932002.424219  -485754.0492439  749985.6277825 
3983067.387264  -483910.4595094  749985.5545557 
4034132.350347  -481528.1622032  749985.4384677 
4085197.313487  -478216.4165337  749985.2476537 
4136262.276725  -472804.8299114  749984.886326 
4187327.240183  499813.475375  749993.3579942 
4238392.303004  499816.3440677  749993.4013177 
4289457.265893  499818.6948368  749993.4437166 
4340522.228782  499820.7803315  749993.4856354 
4391587.191672  499822.7317277  749993.527143 
4442652.154561  499824.6236788  749993.5679558 
4493717.11745  499826.469434  749993.6087392 
4544782.08034  499828.2720541  749993.6490228 
4595847.043229  499830.0552263  749993.6887923 
4646912.006118  499831.7907216  749993.7282341 
4697976.969007  499833.5272594  749993.7672104 
4749041.931897  499835.2233269  749993.8057254 
4800106.894786  499836.8978401  749993.8439199 
4851171.857675  499838.5350061  749993.8817413 
4902236.820565  499840.1733739  749993.9192059 
4953301.783454  499841.7754177  749993.9560857 
5004366.746343  499843.3387306  749993.992857 
5055431.709232  499844.8922104  749994.0291859 
5106496.672122  499846.3999249  749994.0651234 
