            0  499389.5737782  1199907.961639 
-84554.24661643  499370.7435645  1199238.357813 
-169108.4932329  499303.6989609  -1199934.969439 
-253662.7398493  499289.8174485  -1199955.839572 
-338216.9864657  499275.021212  -1199962.466298 
-422771.2330822  499259.6263868  -1199965.70603 
-507325.4796986  499243.6071221  -1199967.597869 
-591879.726315  499226.9793309  -1199968.865711 
-676433.9729314  499209.8076167  -1199969.81488 
-760988.2195479  499192.0493283  -1199970.598055 
-845542.4661643  499173.6079735  -1199971.132286 
-930096.7127807  499154.6348577  -1199971.60709 
-1014650.959397  499134.9074408  -1199972.024332 
-1099205.206014  499114.4469324  -1199972.410782 
-1183759.45263  499093.2679074  -1199972.725605 
-1268313.699246  499071.3193054  -1199973.016377 
-1352867.945863  499048.4693277  -1199973.289822 
-1437422.192479  499024.8754951  -1199973.542853 
-1521976.439096  499000.3287787  -1199973.777577 
-1606530.685712  498974.8119514  -1199974.012021 
-1691084.932329  498948.3831253  -1199974.225561 
-1775639.178945  498920.8635652  -1199974.435837 
-1860193.425561  498892.228379  -1199974.638345 
-1944747.672178  498862.4607832  -1199974.834895 
-2029301.918794  498831.3998326  -1199975.025265 
-2113856.165411  498799.0073442  -1199975.211073 
-2198410.412027  498765.3956113  -1199975.392031 
-2282964.658644  498730.2214394  -1199975.56972 
-2367518.90526  498693.6501843  -1199975.74338 
-2452073.151877  498655.3458734  -1199975.913796 
-2536627.398493  498615.3961171  -1199976.080974 
-2621181.645109  498573.5649721  -1199976.245322 
-2705735.891726  498529.7789802  -1199976.407218 
-2790290.138342  498484.0169251  -1199976.566152 
-2874844.384959  498436.0313618  -1199976.722745 
-2959398.631575  498385.6871383  -1199976.877051 
-3043952.878192  498332.857524  -1199977.02916 
-3128507.124808  498277.3763896  -1199977.179177 
-3213061.371424  498219.064864  -1199977.327079 
-3297615.618041  498157.7581215  -1199977.472912 
-3382169.864657  498093.1795828  -1199977.617176 
-3466724.111274  498025.1294125  -1199977.759181 
-3551278.35789  497953.4007308  -1199977.899569 
-3635832.604507  497877.5539583  -1199978.038154 
-3720386.851123  497797.4568334  -1199978.175132 
-3804941.097739  497712.6289573  -1199978.310345 
-3889495.344356  497622.5926733  -1199978.443932 
-3974049.590972  497527.5114777  -1199978.575943 
-4058603.837589  497426.2855568  -1199978.706355 
-4143158.084205  497318.6373956  -1199978.835282 
-4227712.330822  497204.1582897  -1199978.962516 
-4312266.577438  497081.8624441  -1199979.08828 
-4396820.824054  496951.4060724  -1199979.21251 
-4481375.070671  496811.7333601  -1199979.335275 
-4565929.317287  496662.1686278  -1199979.456497 
-4650483.563904  496501.5724419  -1199979.576368 
-4735037.81052  496329.0236879  -1199979.694598 
-4819592.057137  496143.0415076  -1199979.811349 
-4904146.303753  495941.6880092  -1199979.926591 
-4988700.550369  495724.8706016  -1199980.040369 
-5073254.796986  495488.8177269  -1199980.152601 
-5157809.043602  495232.4746521  -1199980.263216 
-5242363.290219  494952.6149378  -1199980.372339 
-5326917.536835  494646.6089864  -1199980.479733 
-5411471.783452  494310.691214  -1199980.585443 
-5496026.030068  493940.3403829  -1199980.689425 
-5580580.276684  493530.9081579  -1199980.79153 
-5665134.523301  493075.8643133  -1199980.891706 
-5749688.769917  492567.5075849  -1199980.989796 
-5834243.016534  491996.5583807  -1199981.085583 
-5918797.26315  491350.8561258  -1199981.178911 
-6003351.509767  490614.9327004  -1199981.269363 
-6087905.756383  489769.3552269  -1199981.356771 
-6172460.002999  488785.5539301  -1199981.440258 
-6257014.249616  487626.2496274  -1199981.519313 
-6341568.496232  486235.7013552  -1199981.592806 
-6426122.742849  484526.5397425  -1199981.658666 
-6510676.989465  482350.2451833  -1199981.71398 
-6595231.236082  479418.6378905  -1199981.752525 
-6679785.482698  474993.9100232  -1199981.758161 
-6764339.729314  464286.6552204  -1199981.623774 
-6848893.975931  -499804.3448118  -1199991.010884 
-6933448.222547  -499810.076666  -1199991.060724 
-7018002.469164  -499813.4174979  -1199991.110504 
-7102556.71578  -499815.8962934  -1199991.160023 
-7187110.962397  -499817.9573119  -1199991.209201 
-7271665.209013  -499819.973269  -1199991.257965 
-7356219.45563  -499821.9103043  -1199991.306358 
-7440773.702246  -499823.7584345  -1199991.354331 
-7525327.948862  -499825.602565  -1199991.401875 
-7609882.195479  -499827.4095793  -1199991.449009 
-7694436.442095  -499829.1797505  -1199991.495778 
-7778990.688712  -499830.9100712  -1199991.542118 
-7863544.935328  -499832.637605  -1199991.588099 
-7948099.181945  -499834.3269688  -1199991.633648 
-8032653.428561  -499835.9980361  -1199991.67885 
-8117207.675177  -499837.6325578  -1199991.72368 
-8201761.921794  -499839.2516311  -1199991.768139 
-8286316.16841  -499840.8404476  -1199991.812205 
-8370870.415027  -499842.4069406  -1199991.855898 
-8455424.661643  -499843.9570888  -1199991.899265 
