-8455424.661643  -499842.1426135  -1199990.845533 
-6764339.729315  -499807.4830591  -1199990.648182 
-5073254.796986  -499757.9076258  -1199989.760917 
-3382169.864657  -499685.5697449  -1199988.470338 
-1691084.932329  -499574.721518  -1199986.661283 
            0  -499389.5860453  -1199908.442655 
84554.24661643  -499370.7410954  -1199237.732176 
169108.4932329  -499303.6777582  1199934.882364 
253662.7398493  -499289.7948013  1199955.696169 
338216.9864657  -499275.0144847  1199962.374165 
422771.2330822  -499259.5518785  1199965.507967 
507325.4796986  -499243.5452589  1199967.39346 
591879.726315  -499226.9804139  1199968.805222 
676433.9729315  -499209.7779822  1199969.665975 
760988.2195479  -499192.0040006  1199970.415828 
845542.4661643  -499173.5675016  1199971.003566 
930096.7127807  -499154.5731214  1199971.480163 
1014650.959397  -499134.8789119  1199971.900826 
1099205.206014  -499114.4443347  1199972.257327 
1183759.45263  -499093.2654198  1199972.583935 
1268313.699246  -499071.3309272  1199972.883268 
1352867.945863  -499048.4611765  1199973.158183 
1437422.192479  -499024.8761192  1199973.408629 
1521976.439096  -499000.3974524  1199973.651673 
1606530.685712  -498974.8630014  1199973.879413 
1691084.932329  -498948.3234464  1199974.097325 
1775639.178945  -498920.7012304  1199974.31098 
1860193.425561  -498892.1839224  1199974.513281 
1944747.672178  -498862.3821267  1199974.711134 
2029301.918794  -498831.4209872  1199974.902714 
2113856.165411  -498799.0501504  1199975.089856 
2198410.412027  -498765.3741171  1199975.272535 
2282964.658644  -498730.2535626  1199975.451128 
2367518.90526  -498693.5471251  1199975.626003 
2452073.151877  -498655.2210605  1199975.797732 
2536627.398493  -498615.3133187  1199975.966277 
2621181.645109  -498573.4934131  1199976.131732 
2705735.891726  -498529.5705475  1199976.294782 
2790290.138342  -498483.9852601  1199976.454719 
2874844.384959  -498435.960967  1199976.612637 
2959398.631575  -498385.6015129  1199976.767744 
3043952.878192  -498332.8217859  1199976.921236 
3128507.124808  -498277.0817257  1199977.072543 
3213061.371424  -498219.0802409  1199977.221152 
3297615.618041  -498157.7534531  1199977.368257 
3382169.864657  -498093.1695841  1199977.513271 
3466724.111274  -498025.0685622  1199977.656665 
3551278.35789  -497953.2908684  1199977.798032 
3635832.604507  -497877.4766013  1199977.937794 
3720386.851123  -497797.3589819  1199978.075636 
3804941.097739  -497712.5677017  1199978.211892 
3889495.344356  -497622.5823126  1199978.346455 
3974049.590972  -497527.3644845  1199978.479429 
4058603.837589  -497426.1764713  1199978.610889 
4143158.084205  -497318.5810151  1199978.740651 
4227712.330822  -497204.0215024  1199978.868833 
4312266.577438  -497081.6310473  1199978.995533 
4396820.824054  -496951.2117588  1199979.120731 
4481375.070671  -496811.6402584  1199979.24438 
4565929.317287  -496661.8431987  1199979.366508 
4650483.563904  -496501.417138  1199979.487182 
4735037.81052  -496328.8528908  1199979.606391 
4819592.057137  -496142.8726385  1199979.724028 
4904146.303753  -495941.9923718  1199979.840124 
4988700.550369  -495724.698568  1199979.954757 
5073254.796986  -495488.8918823  1199980.067828 
5157809.043602  -495232.2823349  1199980.179326 
5242363.290219  -494952.4979784   1199980.2892 
5326917.536835  -494646.1587624  1199980.397418 
5411471.783452  -494310.3600515  1199980.504084 
5496026.030068  -493940.1828445  1199980.608826 
5580580.276684  -493530.6220184  1199980.711787 
5665134.523301  -493075.2137972  1199980.812679 
5749688.769917  -492566.7322133  1199980.911587 
5834243.016534  -491996.1713296  1199981.008216 
5918797.26315  -491350.435887  1199981.102316 
6003351.509767  -490614.2266618  1199981.193586 
6087905.756383  -489768.7372415  1199981.281792 
6172460.002999  -488784.7694202  1199981.366166 
6257014.249616  -487625.3359604  1199981.446073 
6341568.496232  -486234.6980478  1199981.520348 
6426122.742849  -484524.6680148  1199981.587147 
6510676.989465  -482349.0386644  1199981.643543 
6595231.236082  -479417.2970516  1199981.683131 
6679785.482698  -474990.5463403  1199981.689952 
6764339.729315  -464269.2175296  1199981.557424 
6848893.975931  499800.1252249  1199991.033345 
6933448.222547  499808.6270108   1199991.0829 
7018002.469164  499812.8567482  1199991.132536 
7102556.71578  499815.6701544  1199991.181904 
7187110.962397  499817.8632294  1199991.230921 
7271665.209013  499819.9035031  1199991.279615 
7356219.45563  499821.8787633  1199991.327809 
7440773.702246  499823.7463112  1199991.375612 
7525327.948862  499825.5918551  1199991.423002 
7609882.195479  499827.4276156  1199991.469995 
7694436.442095  499829.1673031  1199991.516599 
7778990.688712  499830.9089987  1199991.562822 
7863544.935328  499832.6321753  1199991.608624 
7948099.181945  499834.3211774  1199991.654097 
8032653.428561  499836.0174458  1199991.69911 
8117207.675177  499837.625418  1199991.743848 
8201761.921794  499839.2421686  1199991.788096 
8286316.16841  499840.8525042  1199991.832075 
8370870.415027  499842.4249901  1199991.875656 
8455424.661643  499843.9653524  1199991.918884 
