-5106496.28891  -499899.8813534  -749962.9382422 
-4085197.031128  -499865.7412478  -749962.9278714 
-3063897.773346  -499814.5847586  -749963.5133729 
-2042598.515564  -499736.6517005  -749964.926475 
-1021299.257782  -499612.2612789  -749968.6899091 
            0  -499399.815251  -749983.175489 
51064.9628891  -499385.5551087  -749983.8334658 
102129.9257782  -499370.8999616  -749985.4191229 
153194.8886673  -499355.8114375  -749986.5087051 
204259.8515564  -499340.2812662  -749986.9622169 
255324.8144455  -499324.3338374  -749985.8057797 
306389.7773346  -499308.0229123  -749980.8017493 
357454.7402237  -499291.4409679  -749964.9645191 
408519.7031128  -499274.873579  -749915.4201416 
459584.6660019  -499259.3192599  -749717.6471267 
510649.628891  -499251.0641096  -747965.3584579 
561714.5917801  -499156.5356099  749975.9507545 
612779.5546692  -499133.9202443  749975.542767 
663844.5175583  -499110.3830719  749974.7865039 
714909.4804474  -499085.9200545  749974.1685968 
765974.4433365  -499060.5497969  749973.5960432 
817039.4062256  -499034.3351139  749972.9784795 
868104.3691148  -499006.8992711  749972.4583596 
919169.3320039  -498978.5925039  749971.9329675 
970234.294893  -498949.0495789  749971.457648 
1021299.257782  -498918.2648515  749971.006156 
1072364.220671  -498886.2848987  749970.5936785 
1123429.18356  -498853.0068526  749970.1897818 
1174494.146449  -498818.1159132  749969.8261001 
1225559.109338  -498782.0785298  749969.472105 
1276624.072228  -498744.4359555  749969.1489555 
1327689.035117  -498705.1384072  749968.8461557 
1378753.998006  -498664.0204738  749968.563759 
1429818.960895  -498620.9028685  749968.298354 
1480883.923784  -498576.1136207  749968.0519961 
1531948.886673  -498528.7690711  749967.8223338 
1583013.849562  -498480.2124786  749967.6137476 
1634078.812451  -498429.0223369  749967.4243667 
1685143.77534  -498375.0082261  749967.2366499 
1736208.73823  -498318.6278525  749967.0715289 
1787273.701119  -498259.2711677  749966.9163903 
1838338.664008  -498197.288084  749966.7773504 
1889403.626897  -498131.9596971  749966.6495691 
1940468.589786  -498062.4847058  749966.5274506 
1991533.552675  -497990.8299998  749966.4287781 
2042598.515564  -497914.6560985  749966.3346698 
2093663.478453  -497833.6765013  749966.2486071 
2144728.441342  -497749.4931658  749966.1796265 
2195793.404231  -497659.6192289  749966.1159254 
2246858.367121  -497565.1369238  749966.0643331 
2297923.33001  -497464.9280236  749966.0219189 
2348988.292899  -497358.3281125  749965.9894003 
2400053.255788  -497245.6422107  749965.9662136 
2451118.218677  -497126.5522694  749965.9516975 
2502183.181566  -496999.243152  749965.9473868 
2553248.144455  -496863.6178487  749965.9532897 
2604313.107344  -496719.2587275  749965.9675502 
2655378.070233  -496565.1270867  749965.991632 
2706443.033122  -496400.2774022  749966.0255343 
2757507.996012  -496223.7422897  749966.069377 
2808572.958901  -496034.6330379  749966.1231913 
2859637.92179  -495830.587277  749966.188059 
2910702.884679  -495611.475638  749966.2625619 
2961767.847568  -495375.4238363  749966.3478256 
3012832.810457  -495119.7759735  749966.4456227 
3063897.773346  -494842.500383  749966.5550837 
3114962.736235  -494540.4311603  749966.6780461 
3166027.699124  -494213.6763214  749966.8117625 
3217092.662013  -493855.487744  749966.9610816 
3268157.624903  -493463.1891111  749967.1253011 
3319222.587792  -493030.8441745  749967.3064633 
3370287.550681  -492552.2335815  749967.5064596 
3421352.51357  -492024.803443  749967.7231247 
3472417.476459  -491433.9580925  749967.9638401 
3523482.439348  -490772.3318684  749968.2280605 
3574547.402237  -490027.2276067  749968.5182808 
3625612.365126  -489178.1874276  749968.841159 
3676677.328015  -488204.5397371  749969.2002315 
3727742.290905  -487075.9746952  749969.6017031 
3778807.253794  -485748.1919657  749970.0554978 
3829872.216683  -484157.4967854  749970.5750569 
3880937.179572  -482202.7962172  749971.1817427 
3932002.142461  -479712.3184703  749971.9096788 
3983067.10535  -476332.6232883  749972.8284926 
4034132.068239  -471107.6639557  749974.1225878 
4085197.031128  499864.5225397  749962.8502117 
4136261.994017  499867.563818  749962.8464765 
4187326.956906  499869.8939334  749962.8253235 
4238391.919796  499872.0038418  749962.8071612 
4289456.882685  499874.0144867  749962.7898255 
4340521.845574  499875.9630266  749962.7731857 
4391586.808463  499877.8655828  749962.7572239 
4442651.771352  499879.7161428  749962.7419483 
4493716.734241  499881.5514884  749962.7274259 
4544781.69713  499883.3469349  749962.7131449 
4595846.660019  499885.1153685  749962.6988035 
4646911.622908  499886.8392706  749962.6874207 
4697976.585797  499888.5397023  749962.673426 
4749041.548687  499890.2082864  749962.6625329 
4800106.511576  499891.8516566  749962.6503489 
4851171.474465  499893.4670039  749962.6374651 
4902236.437354  499895.0491232  749962.6287476 
4953301.400243  499896.6016523  749962.6171565 
5004366.363132  499898.1324015  749962.6063917 
5055431.326021  499899.6339644  749962.5970768 
5106496.28891  499901.1133905  749962.5889257 
