-8455424.661643  -499843.3348035  -1199990.01523 
-6764339.729314  -499807.8594845  -1199990.386004 
-5073254.796986  -499758.0104853  -1199989.669997 
-3382169.864657  -499685.5601316  -1199988.419221 
-1691084.932329  -499574.7132519  -1199986.620796 
            0  -499389.5802944  -1199908.383915 
84554.24661643  -499370.7414539  -1199237.982403 
169108.4932329  -499303.6987914  1199935.026316 
253662.7398493  -499289.8264276   1199955.8828 
338216.9864657  -499275.0281182  1199962.515585 
422771.2330822  -499259.578634  1199965.600688 
507325.4796986  -499243.5721838  1199967.603237 
591879.726315  -499226.9803737  1199968.865855 
676433.9729314  -499209.8090576  1199969.831023 
760988.2195479  -499192.0342545   1199970.5464 
845542.4661643  -499173.6275762  1199971.132904 
930096.7127807  -499154.5886281  1199971.631585 
1014650.959397  -499134.8682321  1199972.048272 
1099205.206014  -499114.3910681  1199972.40519 
1183759.45263  -499093.2963758  1199972.721433 
1268313.699246  -499071.3341485  1199973.014176 
1352867.945863   -499048.5072  1199973.289419 
1437422.192479  -499024.8599732  1199973.54338 
1521976.439096  -499000.3470135  1199973.780757 
1606530.685712  -498974.8638455  1199974.008525 
1691084.932329  -498948.3733474  1199974.225428 
1775639.178945  -498920.7960326  1199974.435141 
1860193.425561  -498892.2260686  1199974.639236 
1944747.672178  -498862.4986971  1199974.834763 
2029301.918794  -498831.3974679  1199975.025232 
2113856.165411  -498799.0645806  1199975.210988 
2198410.412027  -498765.435245  1199975.39238 
2282964.658644  -498730.2451793  1199975.569579 
2367518.90526  -498693.5244686  1199975.743285 
2452073.151877  -498655.3271975  1199975.91383 
2536627.398493  -498615.3638587  1199976.080962 
2621181.645109  -498573.4772164  1199976.245219 
2705735.891726  -498529.6890087  1199976.407261 
2790290.138342  -498484.0154532  1199976.566217 
2874844.384959  -498435.7677743  1199976.723101 
2959398.631575  -498385.6543772  1199976.877194 
3043952.878192  -498332.8834146  1199977.028984 
3128507.124808  -498277.4112346  1199977.179037 
3213061.371424  -498219.1225527  1199977.327075 
3297615.618041  -498157.8108869  1199977.472892 
3382169.864657  -498093.2582152  1199977.616984 
3466724.111274  -498025.1354846  1199977.759224 
3551278.35789  -497953.2180462  1199977.899639 
3635832.604507  -497877.669471  1199978.038135 
3720386.851123  -497797.441689  1199978.175167 
3804941.097739  -497712.652225  1199978.310332 
3889495.344356  -497622.8126699  1199978.443963 
3974049.590972  -497527.4762704  1199978.575972 
4058603.837589  -497426.3023519  1199978.706367 
4143158.084205  -497318.6376627  1199978.835192 
4227712.330822  -497204.0200396  1199978.962475 
4312266.577438  -497081.9202576  1199979.088273 
4396820.824054  -496951.3712584  1199979.21253 
4481375.070671  -496811.7077107  1199979.33527 
4565929.317287  -496662.1699269  1199979.456533 
4650483.563904  -496501.6293919  1199979.576272 
4735037.81052  -496328.9721135  1199979.694595 
4819592.057137  -496142.928439  1199979.811343 
4904146.303753  -495941.9182997  1199979.926556 
4988700.550369  -495724.7032463  1199980.040359 
5073254.796986  -495488.8571718  1199980.15255 
5157809.043602  -495232.4865823  1199980.263236 
5242363.290219  -494952.6855915  1199980.37231 
5326917.536835  -494646.7198686  1199980.479707 
5411471.783452  -494310.4005703  1199980.585437 
5496026.030068  -493940.0923989  1199980.689388 
5580580.276684  -493530.9700568  1199980.791559 
5665134.523301  -493075.8407823  1199980.891738 
5749688.769917  -492567.4308162  1199980.989771 
5834243.016534  -491996.4602942  1199981.085625 
5918797.26315  -491350.8948263  1199981.178901 
6003351.509767  -490615.2457646  1199981.269373 
6087905.756383  -489768.9897826  1199981.356668 
6172460.002999  -488785.599385  1199981.440231 
6257014.249616  -487626.7122653  1199981.519346 
6341568.496232  -486236.0011291  1199981.592743 
6426122.742849  -484526.5467037  1199981.658677 
6510676.989465  -482350.2312367  1199981.713985 
6595231.236082  -479418.8079597  1199981.752529 
6679785.482698  -474993.4958279  1199981.758148 
6764339.729314  -464285.5340551  1199981.62375 
6848893.975931  499806.7889979  1199991.009651 
6933448.222547  499810.8591981  1199991.060179 
7018002.469164  499813.6112825  1199991.110296 
7102556.71578  499815.8482281  1199991.159938 
7187110.962397  499817.9820663  1199991.209174 
7271665.209013  499819.9790215  1199991.257974 
7356219.45563   499821.88317  1199991.306355 
7440773.702246  499823.7587271  1199991.35432 
7525327.948862  499825.6009695  1199991.401877 
7609882.195479  499827.4018552  1199991.449023 
7694436.442095  499829.1656685  1199991.495772 
7778990.688712  499830.9214507  1199991.542116 
7863544.935328  499832.6370187  1199991.588081 
7948099.181945  499834.3207208  1199991.633628 
8032653.428561  499835.9886107  1199991.678858 
8117207.675177  499837.6421807  1199991.723669 
8201761.921794  499839.2529884  1199991.768126 
8286316.16841  499840.8391371  1199991.812203 
8370870.415027  499842.4086893  1199991.855908 
8455424.661643  499843.9666333  1199991.899262 
