            0  497587.7555591  1199693.519829 
-84554.24661643  497512.6704128  1197016.892574 
-169108.4932329  497253.343129  -1199839.646125 
-253662.7398493  497198.0631248  -1199910.720282 
-338216.9864657  497139.4561693  -1199935.168039 
-422771.2330822  497078.3622675  -1199947.194701 
-507325.4796986  497015.000167  -1199954.17611 
-591879.726315  496949.492304  -1199958.798392 
-676433.9729314  496881.4023284  -1199961.672102 
-760988.2195479  496811.1033829  -1199964.048704 
-845542.4661643  496738.2490625  -1199965.559972 
-930096.7127807  496662.8797073  -1199966.941788 
-1014650.959397  496584.8116392  -1199968.0081 
-1099205.206014  496504.0797705  -1199968.850033 
-1183759.45263  496420.3003239  -1199969.603157 
-1268313.699246  496333.3783095  -1199970.251979 
-1352867.945863  496243.4112677  -1199970.789315 
-1437422.192479  496150.0150935  -1199971.271147 
-1521976.439096  496052.8476797  -1199971.72534 
-1606530.685712  495952.2108261  -1199972.107165 
-1691084.932329  495847.6149964  -1199972.46874 
-1775639.178945  495738.758267  -1199972.804734 
-1860193.425561  495625.5455451  -1199973.115429 
-1944747.672178  495507.8536249  -1199973.405728 
-2029301.918794  495385.2227689  -1199973.679585 
-2113856.165411  495257.4917491  -1199973.939201 
-2198410.412027  495124.5853388  -1199974.186036 
-2282964.658644  494985.6970148  -1199974.421955 
-2367518.90526  494840.8467421  -1199974.648049 
-2452073.151877  494689.6151332  -1199974.865362 
-2536627.398493  494531.5302974  -1199975.075325 
-2621181.645109  494366.268708  -1199975.277541 
-2705735.891726  494193.3541127  -1199975.473758 
-2790290.138342  494012.4078541  -1199975.664807 
-2874844.384959  493822.4670775  -1199975.849364 
-2959398.631575  493623.5454352  -1199976.029454 
-3043952.878192  493414.6597467  -1199976.204792 
-3128507.124808  493195.3308899  -1199976.376328 
-3213061.371424  492964.7752683  -1199976.543587 
-3297615.618041  492721.9387657  -1199976.707248 
-3382169.864657  492466.0212599  -1199976.866671 
-3466724.111274  492196.2177136  -1199977.022876 
-3551278.35789  491911.3131539  -1199977.17596 
-3635832.604507  491610.425833  -1199977.325799 
-3720386.851123  491292.1321054  -1199977.472483 
-3804941.097739  490954.6151396  -1199977.616441 
-3889495.344356   490596.59639  -1199977.757496 
-3974049.590972  490216.4202177  -1199977.895625 
-4058603.837589  489812.102625   -1199978.031 
-4143158.084205  489380.8697564  -1199978.163744 
-4227712.330822  488921.0124983  -1199978.293705 
-4312266.577438  488428.620787  -1199978.421121 
-4396820.824054  487901.1946826  -1199978.545752 
-4481375.070671  487335.6148507  -1199978.667619 
-4565929.317287  486727.1002495  -1199978.786861 
-4650483.563904  486070.3622167  -1199978.903265 
-4735037.81052  485360.3479648  -1199979.016922 
-4819592.057137  484589.8049631  -1199979.127506 
-4904146.303753  483751.654526  -1199979.23507 
-4988700.550369   482836.75051  -1199979.339313 
-5073254.796986  481832.2565169  -1199979.440167 
-5157809.043602  480725.5932457  -1199979.537354 
-5242363.290219  479500.499299  -1199979.630197 
-5326917.536835  478133.3648258  -1199979.718748 
-5411471.783452  476597.7920036  -1199979.801897 
-5496026.030068  474856.7472694  -1199979.879345 
-5580580.276684  472860.6655613  -1199979.949372 
-5665134.523301  470536.4833768  -1199980.010554 
-5749688.769917  467778.3032184  -1199980.060276 
-5834243.016534  464409.7450602  -1199980.093964 
-5918797.26315  460106.800739  -1199980.103638 
-6003351.509767  454128.3760455  -1199980.070103 
-6087905.756383  443587.0514548  -1199979.916223 
-6172460.002999  -499180.1525321  -1199990.55911 
-6257014.249616  -499191.9117109  -1199990.614383 
-6341568.496232  -499201.8989458  -1199990.669114 
-6426122.742849  -499211.4895052  -1199990.723287 
-6510676.989465  -499220.4455236  -1199990.777051 
-6595231.236082  -499229.1371739  -1199990.830283 
-6679785.482698  -499237.6870028  -1199990.882977 
-6764339.729314  -499246.0870603  -1199990.935228 
-6848893.975931  -499254.2868011  -1199990.986976 
-6933448.222547  -499262.3946045  -1199991.038212 
-7018002.469164  -499270.3808191  -1199991.089019 
-7102556.71578  -499278.1948959  -1199991.139336 
-7187110.962397  -499285.9224822  -1199991.189182 
-7271665.209013  -499293.4707767  -1199991.238663 
-7356219.45563  -499300.9500654  -1199991.287584 
-7440773.702246  -499308.3063092  -1199991.336093 
-7525327.948862  -499315.5203933  -1199991.384208 
-7609882.195479  -499322.6585212  -1199991.431864 
-7694436.442095  -499329.6860702  -1199991.47912 
-7778990.688712  -499336.5695066  -1199991.525953 
-7863544.935328  -499343.378595  -1199991.572387 
-7948099.181945  -499350.0539253  -1199991.618396 
-8032653.428561  -499356.6378117  -1199991.66404 
-8117207.675177  -499363.1613477  -1199991.709253 
-8201761.921794  -499369.5097111  -1199991.754111 
-8286316.16841  -499375.8301762  -1199991.798557 
-8370870.415027  -499382.0267878  -1199991.842645 
-8455424.661643  -499388.1693266  -1199991.886346 
