-5106496.28891  -499901.8862402  -749968.0356184 
-4085197.031128  -499869.1376472  -749969.4592137 
-3063897.773346  -499819.7829381  -749971.2629021 
-2042598.515564  -499744.7720695  -749974.1904252 
-1021299.257782  -499625.6193208  -749979.9387261 
            0  -499423.6890636  -749993.8543237 
51064.9628891  -499410.1449212  -749994.409391 
102129.9257782  -499396.3204585  -749995.3575479 
153194.8886673  -499382.0197282  -749995.9389334 
204259.8515564  -499367.296344  -749996.106647 
255324.8144455  -499352.1376781  -749995.5295701 
306389.7773346  -499336.5884252  -749993.6248946 
357454.7402237  -499320.4943639  -749989.2119535 
408519.7031128  -499304.0525161  -749979.8670709 
459584.6660019  -499287.2498041  -749960.4215874 
510649.628891  -499270.2270975  -749917.3543615 
561714.5917801  -499206.7859877  749989.8990707 
612779.5546692  -499185.9886252  749989.4723453 
663844.5175583  -499164.3557624  749988.8308131 
714909.4804474  -499141.8305423  749988.2855267 
765974.4433365  -499118.7044368  749987.6925409 
817039.4062256  -499094.6342443  749987.1144372 
868104.3691148  -499069.6930408  749986.5952919 
919169.3320039  -499043.6030467  749986.0808958 
970234.294893  -499016.4735015  749985.5847465 
1021299.257782  -498988.6850987  749985.0816326 
1072364.220671  -498959.4976171  749984.6287012 
1123429.18356  -498929.2609212  749984.1784003 
1174494.146449  -498897.8262251  749983.7524073 
1225559.109338  -498864.9277286  749983.343774 
1276624.072228  -498830.7715417  749982.9510426 
1327689.035117  -498795.2687791  749982.5754222 
1378753.998006  -498758.1137222  749982.2162397 
1429818.960895  -498719.5241193  749981.8738959 
1480883.923784  -498679.1164405  749981.5462011 
1531948.886673  -498636.971234  749981.2362278 
1583013.849562  -498592.8911781  749980.9319355 
1634078.812451  -498546.8244588  749980.6458726 
1685143.77534  -498498.7197395  749980.3753289 
1736208.73823  -498448.4079098  749980.1164883 
1787273.701119  -498395.4330076  749979.8648867 
1838338.664008  -498340.2671998  749979.6329174 
1889403.626897  -498281.3897872  749979.4009773 
1940468.589786  -498221.1965304  749979.1941045 
1991533.552675  -498157.1406661  749978.9903439 
2042598.515564  -498089.9750556  749978.7987157 
2093663.478453  -498019.1948231  749978.6165225 
2144728.441342  -497944.5806867  749978.4446535 
2195793.404231  -497866.3181868  749978.2827851 
2246858.367121  -497782.5451794  749978.1289468 
2297923.33001  -497695.6468143  749977.9867291 
2348988.292899  -497603.464865  749977.8527949 
2400053.255788  -497505.821549  749977.7273623 
2451118.218677  -497402.4169517  749977.6113848 
2502183.181566  -497292.7898454  749977.504512 
2553248.144455  -497176.1984931  749977.4072065 
2604313.107344  -497052.3012164  749977.3186049 
2655378.070233  -496920.6080431   749977.23922 
2706443.033122  -496780.9517431  749977.166863 
2757507.996012  -496631.229802  749977.1054844 
2808572.958901  -496470.96622  749977.0539565 
2859637.92179  -496300.3882999  749977.0098882 
2910702.884679  -496116.7536841  749976.9769445 
2961767.847568  -495919.4498107  749976.9535977 
3012832.810457  -495708.1699064  749976.9388874 
3063897.773346  -495479.8272847  749976.9356077 
3114962.736235  -495233.4792814  749976.9421808 
3166027.699124  -494966.4196215  749976.9604725 
3217092.662013  -494677.7404174  749976.9892466 
3268157.624903  -494362.7215808  749977.0309086 
3319222.587792  -494018.8541363  749977.0853163 
3370287.550681  -493643.4754885  749977.1524154 
3421352.51357  -493230.5042093  749977.2351635 
3472417.476459  -492775.4051679  749977.3332357 
3523482.439348  -492271.3445559  749977.4485467 
3574547.402237  -491711.6400488  749977.5819808 
3625612.365126  -491085.7367392  749977.7361219 
3676677.328015  -490380.7044907  749977.9140642 
3727742.290905  -489582.4335036  749978.1172208 
3778807.253794  -488669.665155  749978.350947 
3829872.216683  -487616.288468  749978.6196419 
3880937.179572  -486385.4643537  749978.9298293 
3932002.142461  -484921.8167381  749979.2919358 
3983067.10535  -483144.2562308  749979.7198126 
4034132.068239  -480915.0015069  749980.2376331 
4085197.031128  -477975.6196751  749980.8884437 
4136261.994017  -473714.755859  749981.7724806 
4187326.956906  -465398.2702704  749983.3275315 
4238391.919796  499873.4612636  749969.2690596 
4289456.882685  499876.625866  749969.2369916 
4340521.845574  499878.9797269  749969.171798 
4391586.808463  499881.0046279  749969.1108737 
4442651.771352  499882.8671431  749969.0481869 
4493716.734241  499884.6577384  749968.9891351 
4544781.69713  499886.3964881  749968.9323835 
4595846.660019  499888.1173097  749968.8729841 
4646911.622908  499889.8069398  749968.8169562 
4697976.585797  499891.4582741  749968.760447 
4749041.548687  499893.0777444  749968.706256 
4800106.511576  499894.6623566  749968.6524545 
4851171.474465  499896.2421589  749968.5995391 
4902236.437354  499897.7769222  749968.5480336 
4953301.400243  499899.285206  749968.4989032 
5004366.363132  499900.7704559  749968.4481943 
5055431.326021  499902.2356109  749968.4006131 
5106496.28891  499903.674931  749968.3512341 
