-8455424.661643  -499985.9813875  -1199991.903747 
-6764339.729314  -499992.6410215  -1199990.967009 
-5073254.796986  -499994.7224967  -1199989.85241 
-3382169.864657  -499995.2268999  -1199988.509815 
-1691084.932329  -499995.1488942  -1199986.869438 
            0  -499994.6188909  -1199984.832088 
84554.24661643  -499994.6495268  -1199984.713447 
169108.4932329  -499994.6451403  -1199984.597236 
253662.7398493  -499994.6271643  -1199984.479715 
338216.9864657  -499994.5969511  -1199984.361051 
422771.2330822  -499994.5614265  -1199984.239967 
507325.4796986  -499994.5232208  -1199984.118736 
591879.726315  -499994.4855427  -1199983.994798 
676433.9729314  -499994.4457207  -1199983.870522 
760988.2195479  -499994.4067407  -1199983.74339 
845542.4661643  -499994.3633137  -1199983.615542 
930096.7127807  -499994.3225881  -1199983.485812 
1014650.959397  -499994.2808166  -1199983.354274 
1099205.206014  -499994.2384116  -1199983.220885 
1183759.45263  -499994.1949072  -1199983.085313 
1268313.699246  -499994.1512019  -1199982.94624 
1352867.945863  -499991.9454176  1199974.133467 
1437422.192479  -499991.8909577  1199974.307877 
1521976.439096  -499991.8364051  1199974.480385 
1606530.685712  -499991.7795753  1199974.65129 
1691084.932329  -499991.7237699  1199974.820439 
1775639.178945  -499991.6667566  1199974.988067 
1860193.425561  -499991.6094435  1199975.153877 
1944747.672178  -499991.5509079  1199975.318153 
2029301.918794  -499991.4919396  1199975.480455 
2113856.165411  -499991.4320062  1199975.641034 
2198410.412027  -499991.3726717  1199975.800289 
2282964.658644  -499991.3103268  1199975.95803 
2367518.90526  -499991.2494829  1199976.11451 
2452073.151877  -499991.1867354  1199976.268725 
2536627.398493  -499991.1238844  1199976.421811 
2621181.645109  -499991.060642  1199976.573518 
2705735.891726  -499990.9957784  1199976.723155 
2790290.138342  -499990.9313492  1199976.871579 
2874844.384959  -499990.8652015  1199977.019067 
2959398.631575  -499990.7982361  1199977.164774 
3043952.878192  -499990.7307508  1199977.308627 
3128507.124808  -499990.6632361  1199977.451638 
3213061.371424  -499990.5923204  1199977.593088 
3297615.618041  -499990.5223625  1199977.733259 
3382169.864657  -499990.4530983  1199977.872306 
3466724.111274  -499990.3812893  1199978.009911 
3551278.35789  -499990.3096178  1199978.145686 
3635832.604507  -499990.2366452  1199978.28082 
3720386.851123  -499990.1614061  1199978.414334 
3804941.097739  -499990.0864471  1199978.546796 
3889495.344356  -499990.0112644  1199978.67772 
3974049.590972  -499989.9348926  1199978.808059 
4058603.837589  -499989.8562499  1199978.936127 
4143158.084205  -499989.777759  1199979.063921 
4227712.330822  -499989.6984684  1199979.190667 
4312266.577438  -499989.6165583  1199979.31557 
4396820.824054  -499989.5349069  1199979.439815 
4481375.070671  -499989.45143  1199979.56267 
4565929.317287  -499989.3690005  1199979.684315 
4650483.563904  -499989.2835764  1199979.805134 
4735037.81052  -499989.1985757  1199979.924849 
4819592.057137  -499989.111297  1199980.043417 
4904146.303753  -499989.0231042  1199980.160902 
4988700.550369  -499988.9338181  1199980.277347 
5073254.796986  -499988.843394  1199980.39273 
5157809.043602  -499988.7504347  1199980.507087 
5242363.290219  -499988.6577589  1199980.620328 
5326917.536835  -499988.5632764  1199980.732737 
5411471.783452  -499988.4680557  1199980.844129 
5496026.030068  -499988.3715093  1199980.954406 
5580580.276684  -499988.2713999  1199981.063789 
5665134.523301  -499988.174569  1199981.172298 
5749688.769917  -499988.0735268  1199981.27989 
5834243.016534  -499987.9708439  1199981.386581 
5918797.26315  -499987.8676405  1199981.492268 
6003351.509767  -499987.7637941  1199981.596994 
6087905.756383  -499987.6571161  1199981.700855 
6172460.002999  -499987.5486208  1199981.803891 
6257014.249616  -499987.4396278  1199981.905994 
6341568.496232  -499987.3290855  1199982.007201 
6426122.742849  -499987.2176975  1199982.107695 
6510676.989465  -499987.1022923  1199982.20719 
6595231.236082  -499986.9860433  1199982.305869 
6679785.482698  -499986.8689507  1199982.403769 
6764339.729314  -499986.7511312  1199982.500788 
6848893.975931  -499986.6294148  1199982.597213 
6933448.222547  -499986.5057835  1199982.692674 
7018002.469164  -499986.3830458  1199982.787166 
7102556.71578  -499986.2567328  1199982.881017 
7187110.962397  -499986.1292745  1199982.974196 
7271665.209013  -499985.9971582  1199983.066476 
7356219.45563  -499985.8655106  1199983.158123 
7440773.702246  -499985.7310039  1199983.248937 
7525327.948862  -499985.5973792  1199983.339077 
7609882.195479  -499985.4573358  1199983.42842 
7694436.442095  -499985.3177278  1199983.51709 
7778990.688712  -499985.1754701  1199983.60504 
7863544.935328  -499985.030638  1199983.692101 
7948099.181945  -499984.8862997  1199983.778734 
8032653.428561  -499984.7362276  1199983.864613 
8117207.675177  -499984.5850211  1199983.949718 
8201761.921794  -499984.4322742  1199984.034236 
8286316.16841  -499984.2753817  1199984.118071 
8370870.415027  -499984.1136271  1199984.201234 
8455424.661643  -499983.9540321  1199984.283652 
